9 12
9 15
9 20
9 28
9 36
9 44
9 53
9 64
9 73
9 78
9 86
9 95
9 100
9 105
9 113
9 119
9 127
9 132
9 138
9 143
9 149
9 152
9 155
9 157
9 159
9 162
9 163
9 166
9 169
9 170
9 173
9 175
9 178
10 183
10 186
12 189
13 192
15 196
17 199
17 200
18 200
18 201
20 201
23 202
28 202
33 204
42 206
50 208
55 208
63 208
68 208
70 208
71 208
74 208
75 208
79 206
80 206
83 204
84 204
88 203
92 202
96 201
100 199
105 197
110 195
115 192
118 190
122 189
127 186
128 185
133 183
136 180
138 179
141 176
142 174
143 170
145 167
147 165
149 159
151 155
153 150
154 143
155 138
155 135
155 130
155 124
155 117
155 109
155 101
155 92
155 80
155 72
155 60
155 48
155 37
151 29
149 20
147 10
143 4
140 -4
136 -10
135 -11
132 -13
132 -16
129 -16
127 -19
126 -20
123 -21
122 -21
119 -21
117 -21
114 -21
111 -19
108 -19
106 -17
103 -16
102 -15
98 -12
96 -11
94 -9
90 -5
86 -4
82 -1
82 4
78 7
75 12
73 14
70 19
70 22
68 25
67 28
67 30
67 33
67 35
67 37
67 38
67 40
70 43
73 48
77 54
82 59
86 64
89 66
92 68
95 68
96 68
98 68
99 68
100 68
103 68
106 68
109 68
112 68
115 68
120 67
124 65
127 64
128 62
131 62
135 61
140 59
145 58
149 57
152 55
156 54
158 53
161 51
162 51
162 50
163 50
163 49
165 48
166 51
164 57
158 63
150 71
145 76
139 82
132 87
127 92
121 96
113 101
106 107
103 108
98 111
96 112
93 113
91 113
90 113
87 110
87 107
87 104
87 99
87 96
87 91
87 88
87 87
88 85
89 84
91 82
93 82
98 80
103 79
107 76
112 73
117 71
121 70
124 68
127 67
129 67
129 64
130 64
131 64
132 63
131 62
130 62
128 60
120 53
114 49
108 45
105 41
99 37
95 35
94 34
93 34
91 34
88 34
82 37
78 41
74 50
70 54
69 57
65 62
63 65
63 68
62 72
62 77
60 80
60 86
58 89
58 94
58 97
58 100
58 105
58 108
58 110
61 113
62 116
65 119
67 121
72 126
78 128
83 130
89 132
95 134
100 134
108 134
119 134
130 134
138 132
150 127
158 122
166 117
172 113
176 110
180 107
183 105
185 102
187 101
188 98
189 95
191 93
191 92
193 89
194 85
194 82
196 77
196 73
196 66
196 61
196 58
195 50
191 44
186 37
181 30
177 24
172 19
168 15
166 13
164 12
161 11
155 11
152 11
147 11
142 11
136 9
129 9
122 9
114 10
108 14
102 16
98 18
93 21
90 23
88 24
85 26
83 27
80 31
78 33
77 38
74 42
70 48
68 54
66 65
64 71
64 79
64 84
64 95
64 100
64 108
64 116
64 124
64 130
66 137
69 143
73 148
77 155
82 159
86 162
89 166
94 171
98 174
104 179
106 181
111 183
115 184
118 184
119 184
124 186
127 186
132 186
138 186
143 186
149 186
154 186
157 186
160 186
164 186
166 186
169 186
174 186
177 186
179 186
180 184
183 184
184 184
186 184
